[[ 1473     0     0    11     4     0     0     1     0     0     0]
 [    0  1374    75     0    58    13     0     0     0     0     0]
 [    0   177  1228     0    11    56     0     0     0     0     0]
 [    4     0     0  1435    91     0     0    10    10     0     0]
 [   17   144    22   212 12634   161     0     9   317     3     0]
 [    0    23    38     0   210  1194     0     0     1    11     0]
 [    2     0     0     3     3     0  4129   371    44     1   141]
 [    1     0     0   130    69     1   243  3027   423     1    12]
 [    2     0     0    30   521     3    44   405  3773    20    64]
 [    0     0     0     0     5     0     0     0     5  1477     0]
 [    0     0     0     0     0     0    40     8    12     1  1489]]