[[ 1471     0     0    10     0     0     2     6     0     0     0]
 [    0  1388   123     1     8     0     0     0     0     0     0]
 [    0   153  1314     0     0     5     0     0     0     0     0]
 [   33     0     0  1434    50     0     2    13    18     0     0]
 [    0   238     1   374 11148  1061     0     8   680     9     0]
 [    0    42    99     0    41  1274     0     0     0    21     0]
 [    7     0     0     1     0     0  4312   128     1     0   245]
 [    1     0     0    77     0     0   296  3306   174     0    53]
 [    0     0     0    62   111     0     1   562  4002    38    86]
 [    0     0     0     2     2     2     0     0    48  1430     3]
 [    0     0     0     0     0     0    79     6    17     2  1446]]